masked_lm_loss  = nan, prediction_scores = tensor([[ -5.0612,  -6.6558,  -5.8890,  ...,  -4.9838,  -4.7040,  -4.5091],
        [-12.1811,  -8.8732, -10.2943,  ...,  -9.7374, -10.1036,  -9.0911],
        [-13.1195,  -8.0361,  -9.9998,  ...,  -9.5698, -12.3252,  -9.7127],
        ...,
        [ -6.3636,  -4.6473,  -5.2003,  ...,  -3.9076,  -5.7829,  -3.2924],
        [ -6.8669,  -6.3269,  -6.4648,  ...,  -5.8716,  -6.8782,  -7.1877],
        [ -9.2107,  -7.9399,  -8.6232,  ...,  -7.9499,  -7.0503,  -8.0622]],
       device='cuda:5', grad_fn=<ViewBackward0>), masked_lm_labels = tensor([-1, -1, -1, -1, -1, -1, -1, -1, -1, -1, -1, -1, -1, -1, -1, -1, -1, -1,
        -1, -1, -1, -1, -1, -1, -1, -1, -1, -1, -1, -1, -1, -1, -1, -1, -1, -1,
        -1, -1, -1, -1, -1, -1, -1, -1, -1, -1, -1, -1, -1, -1, -1, -1, -1, -1,
        -1, -1, -1, -1, -1, -1, -1, -1, -1, -1, -1, -1, -1, -1, -1, -1, -1, -1,
        -1, -1, -1, -1, -1, -1, -1, -1, -1, -1, -1, -1, -1, -1, -1, -1, -1, -1,
        -1, -1, -1, -1, -1, -1, -1, -1, -1, -1, -1, -1, -1, -1, -1, -1, -1, -1,
        -1, -1, -1, -1, -1, -1, -1, -1, -1, -1, -1, -1, -1, -1, -1, -1, -1, -1,
        -1, -1, -1, -1, -1, -1, -1, -1, -1, -1, -1, -1, -1, -1, -1, -1, -1, -1,
        -1, -1, -1, -1, -1, -1, -1, -1, -1, -1, -1, -1, -1, -1, -1, -1, -1, -1,
        -1, -1, -1, -1, -1, -1, -1, -1, -1, -1, -1, -1, -1, -1, -1, -1, -1, -1,
        -1, -1, -1, -1, -1, -1, -1, -1, -1, -1, -1, -1, -1, -1, -1, -1, -1, -1,
        -1, -1, -1, -1, -1, -1, -1, -1, -1, -1, -1, -1, -1, -1, -1, -1, -1, -1,
        -1, -1, -1, -1, -1, -1, -1, -1, -1, -1, -1, -1, -1, -1, -1, -1, -1, -1,
        -1, -1, -1, -1, -1, -1, -1, -1, -1, -1, -1, -1, -1, -1, -1, -1, -1, -1,
        -1, -1, -1, -1, -1, -1, -1, -1, -1, -1, -1, -1, -1, -1, -1, -1, -1, -1,
        -1, -1, -1, -1, -1, -1, -1, -1, -1, -1, -1, -1, -1, -1, -1, -1, -1, -1,
        -1, -1, -1, -1, -1, -1, -1, -1, -1, -1, -1, -1], device='cuda:5')masked_lm_loss  = nan, prediction_scores = tensor([[  1.0200,   0.4755,   0.7468,  ...,   0.1704,   0.0927,   2.3449],
        [-16.6276, -13.9483, -14.9056,  ..., -12.9702, -11.3982, -15.1605],
        [ -8.8571,  -6.5834,  -7.3813,  ...,  -6.8516,  -5.6892,  -8.8549],
        ...,
        [-17.3393, -14.8303, -15.6915,  ..., -15.0825,  -9.8070, -16.8646],
        [-16.8224, -15.2595, -15.6572,  ..., -14.8675, -11.6438, -16.0137],
        [-13.8294, -12.0568, -12.3096,  ..., -13.7075, -11.7829, -13.7617]],
       device='cuda:3', grad_fn=<ViewBackward0>), masked_lm_labels = tensor([-1, -1, -1, -1, -1, -1, -1, -1, -1, -1, -1, -1, -1, -1, -1, -1, -1, -1,
        -1, -1, -1, -1, -1, -1, -1, -1, -1, -1, -1, -1, -1, -1, -1, -1, -1, -1,
        -1, -1, -1, -1, -1, -1, -1, -1, -1, -1, -1, -1, -1, -1, -1, -1, -1, -1,
        -1, -1, -1, -1, -1, -1, -1, -1, -1, -1, -1, -1, -1, -1, -1, -1, -1, -1,
        -1, -1, -1, -1, -1, -1, -1, -1, -1, -1, -1, -1, -1, -1, -1, -1, -1, -1,
        -1, -1, -1, -1, -1, -1, -1, -1, -1, -1, -1, -1, -1, -1, -1, -1, -1, -1,
        -1, -1, -1, -1, -1, -1, -1, -1, -1, -1, -1, -1, -1, -1, -1, -1, -1, -1,
        -1, -1, -1, -1, -1, -1, -1, -1, -1, -1, -1, -1, -1, -1, -1, -1, -1, -1,
        -1, -1, -1, -1, -1, -1, -1, -1, -1, -1, -1, -1, -1, -1, -1, -1, -1, -1,
        -1, -1, -1, -1, -1, -1, -1, -1, -1, -1, -1, -1, -1, -1, -1, -1, -1, -1,
        -1, -1, -1, -1, -1, -1, -1, -1, -1, -1, -1, -1, -1, -1, -1, -1, -1, -1,
        -1, -1], device='cuda:3')